Exercício 6

=> 22 4 35 12 3 18 12 55

1) ConstroiHeap()

1.1)
refaz()
22, 4, 35, 12, 3, 18, 12, 12

1.2)
refaz()
22, 4, 35, 55, 3, 18, 12, 12

1.3)
refaz()
22, 55, 35, 12, 3, 18, 12, 4

1.4)
refaz()
55, 22, 35, 12, 3, 18, 12, 4


=> 55, 22, 35, 12, 3, 18, 12, 4


2) HeapSort()

2.1)
4, 22, 35, 12, 3, 18, 12, 55
refaz()
35, 22, 18, 12, 3, 4, 12, 55

2.2)
12, 22, 18, 12, 3, 4, 35, 55
refaz()
22, 12, 18, 12, 3, 4, 35, 55

2.3)
4, 12, 18, 12, 3, 22, 35, 55
refaz()
18, 12, 4, 12, 3, 22, 35, 55

2.4)
3, 12, 4, 12, 18, 22, 35, 55
refaz()
12, 12, 4, 3, 18, 22, 35, 55

2.5)
3, 12, 4, 12, 18, 22, 35, 55
refaz()
12, 3, 4, 12, 18, 22, 35, 55

2.6)
4, 3, 12, 12, 18, 22, 35, 55
refaz()
4, 3, 12, 12, 18, 22, 35, 55

2.7)
3, 4, 12, 12, 18, 22, 35, 55
refaz()
3, 4, 12, 12, 18, 22, 35, 55


FIM.